Photo: 0 Size: 0

Photo: 1 Size: 0

Photo: 2 Size: 0

Photo: 3 Size: 0

Photo: 4 Size: 0

Photo: 5 Size: 0

Photo: 6 Size: 0

Photo: 7 Size: 0

Photo: 8 Size: 0

Photo: 9 Size: 0

Photo: 10 Size: 0

Photo: 11 Size: 8
1, 304, 53, 1, 1, 1, 304, 53, 
Photo: 12 Size: 8
1, 302, 50, 1, 1, 1, 302, 50, 
Photo: 13 Size: 8
304, 51, 1, 1, 1, 304, 51, 1, 
Photo: 14 Size: 8
1, 1, 309, 51, 51, 1, 1, 309, 
Photo: 15 Size: 8
303, 50, 3, 1, 1, 303, 50, 3, 
Photo: 16 Size: 8
4, 1, 303, 30, 50, 4, 1, 303, 
Photo: 17 Size: 8
310, 48, 1, 1, 1, 310, 48, 1, 
Photo: 18 Size: 8
48, 1, 1, 304, 310, 48, 1, 1, 
Photo: 19 Size: 8
310, 49, 1, 1, 1, 310, 49, 1, 
Photo: 20 Size: 8
310, 48, 1, 1, 1, 310, 48, 1, 
Photo: 21 Size: 8
1, 304, 30, 1, 1, 1, 304, 30, 
Photo: 22 Size: 8
310, 48, 1, 1, 1, 310, 48, 1, 
Photo: 23 Size: 8
1, 302, 24, 1, 1, 1, 302, 24, 
Photo: 24 Size: 8
1, 302, 24, 1, 1, 1, 302, 24, 
Photo: 25 Size: 8
310, 49, 1, 1, 1, 310, 49, 1, 
Photo: 26 Size: 8
1, 310, 48, 1, 1, 1, 310, 48, 
Photo: 27 Size: 8
310, 48, 1, 1, 1, 310, 48, 1, 
Photo: 28 Size: 8
48, 1, 1, 304, 310, 48, 1, 1, 
Photo: 29 Size: 8
48, 1, 1, 304, 310, 48, 1, 1, 
Photo: 30 Size: 8
1, 310, 48, 1, 1, 1, 310, 48, 
Photo: 31 Size: 8
48, 1, 1, 304, 310, 48, 1, 1, 
Photo: 32 Size: 8
1, 302, 24, 1, 1, 1, 302, 24, 
Photo: 33 Size: 8
48, 1, 1, 304, 310, 48, 1, 1, 
Photo: 34 Size: 8
310, 48, 1, 1, 1, 310, 48, 1, 
Photo: 35 Size: 8
1, 310, 48, 1, 1, 1, 310, 48, 
Photo: 36 Size: 8
1, 304, 30, 1, 1, 1, 304, 30, 
Photo: 37 Size: 8
310, 48, 1, 2, 1, 310, 48, 1, 
Photo: 38 Size: 8
310, 48, 1, 1, 1, 310, 48, 1, 
Photo: 39 Size: 8
1, 1, 304, 30, 49, 1, 1, 304, 
Photo: 40 Size: 8
310, 48, 1, 1, 1, 310, 48, 1, 
Photo: 41 Size: 8
1, 304, 30, 1, 1, 1, 304, 30, 
Photo: 42 Size: 8
310, 48, 1, 1, 1, 310, 48, 1, 
Photo: 43 Size: 8
1, 302, 25, 1, 1, 1, 302, 25, 
Photo: 44 Size: 8
304, 30, 1, 1, 1, 304, 30, 1, 
Photo: 45 Size: 8
310, 48, 1, 1, 1, 310, 48, 1, 
Photo: 46 Size: 8
50, 1, 1, 310, 303, 50, 1, 1, 
Photo: 47 Size: 8
310, 48, 1, 1, 1, 310, 48, 1, 
Photo: 48 Size: 8
310, 49, 1, 1, 1, 310, 49, 1, 
Photo: 49 Size: 8
310, 48, 1, 2, 1, 310, 48, 1, 
Photo: 50 Size: 8
310, 49, 1, 1, 1, 310, 49, 1, 
Photo: 51 Size: 8
310, 49, 1, 1, 1, 310, 49, 1, 
Photo: 52 Size: 8
310, 48, 2, 1, 1, 310, 48, 2, 
Photo: 53 Size: 8
310, 48, 1, 2, 1, 310, 48, 1, 
Photo: 54 Size: 8
48, 1, 2, 304, 310, 48, 1, 2, 
Photo: 55 Size: 8
304, 30, 1, 1, 1, 304, 30, 1, 
Photo: 56 Size: 8
310, 48, 1, 1, 1, 310, 48, 1, 
Photo: 57 Size: 8
50, 1, 1, 310, 303, 50, 1, 1, 
Photo: 58 Size: 8
1, 302, 25, 1, 1, 1, 302, 25, 
Photo: 59 Size: 8
1, 310, 48, 1, 1, 1, 310, 48, 
Photo: 60 Size: 8
311, 48, 1, 1, 1, 311, 48, 1, 
Photo: 61 Size: 8
2, 302, 24, 1, 1, 2, 302, 24, 
Photo: 62 Size: 8
310, 48, 1, 2, 1, 310, 48, 1, 
Photo: 63 Size: 8
310, 48, 1, 1, 1, 310, 48, 1, 
Photo: 64 Size: 8
302, 24, 1, 1, 1, 302, 24, 1, 
Photo: 65 Size: 8
1, 303, 22, 1, 1, 1, 303, 22, 
Photo: 66 Size: 8
48, 1, 2, 304, 310, 48, 1, 2, 
Photo: 67 Size: 8
304, 30, 1, 1, 1, 304, 30, 1, 
Photo: 68 Size: 8
48, 1, 1, 302, 310, 48, 1, 1, 
Photo: 69 Size: 8
49, 1, 1, 304, 310, 49, 1, 1, 
Photo: 70 Size: 8
305, 30, 1, 1, 1, 305, 30, 1, 
Photo: 71 Size: 8
1, 302, 24, 1, 2, 1, 302, 24, 
Photo: 72 Size: 8
310, 48, 1, 1, 1, 310, 48, 1, 
Photo: 73 Size: 8
310, 49, 1, 1, 1, 310, 49, 1, 
Photo: 74 Size: 8
310, 49, 1, 1, 1, 310, 49, 1, 
Photo: 75 Size: 8
30, 1, 1, 302, 304, 30, 1, 1, 
Photo: 76 Size: 8
302, 25, 1, 1, 1, 302, 25, 1, 
Photo: 77 Size: 8
302, 25, 1, 1, 1, 302, 25, 1, 
Photo: 78 Size: 8
1, 302, 25, 1, 2, 1, 302, 25, 
Photo: 79 Size: 8
303, 50, 1, 1, 1, 303, 50, 1, 
Photo: 80 Size: 8
49, 1, 1, 302, 310, 49, 1, 1, 
Photo: 81 Size: 8
1, 310, 48, 1, 1, 1, 310, 48, 
Photo: 82 Size: 8
1, 302, 25, 1, 1, 1, 302, 25, 
Photo: 83 Size: 8
310, 49, 1, 1, 1, 310, 49, 1, 
Photo: 84 Size: 8
1, 1, 304, 30, 48, 1, 1, 304, 
Photo: 85 Size: 8
1, 302, 24, 1, 1, 1, 302, 24, 
Photo: 86 Size: 8
302, 29, 1, 1, 1, 302, 29, 1, 
Photo: 87 Size: 8
310, 48, 1, 2, 1, 310, 48, 1, 
Photo: 88 Size: 8
302, 29, 1, 1, 1, 302, 29, 1, 
Photo: 89 Size: 8
1, 302, 24, 1, 2, 1, 302, 24, 
Photo: 90 Size: 8
302, 27, 1, 1, 1, 302, 27, 1, 
Photo: 91 Size: 8
48, 1, 2, 302, 310, 48, 1, 2, 
Photo: 92 Size: 8
29, 1, 1, 302, 302, 29, 1, 1, 
Photo: 93 Size: 8
49, 1, 1, 302, 310, 49, 1, 1, 
Photo: 94 Size: 8
48, 1, 2, 302, 310, 48, 1, 2, 
Photo: 95 Size: 8
1, 302, 29, 1, 1, 1, 302, 29, 
Photo: 96 Size: 8
29, 1, 1, 302, 302, 29, 1, 1, 
Photo: 97 Size: 8
310, 49, 1, 1, 1, 310, 49, 1, 
Photo: 98 Size: 8
1, 302, 29, 1, 2, 1, 302, 29, 
Photo: 99 Size: 8
302, 29, 1, 1, 1, 302, 29, 1, 
Photo: 100 Size: 8
29, 1, 1, 302, 302, 29, 1, 1, 
Photo: 101 Size: 8
1, 1, 302, 29, 30, 1, 1, 302, 
Photo: 102 Size: 8
1, 1, 302, 25, 50, 1, 1, 302, 
Photo: 103 Size: 8
310, 49, 1, 1, 1, 310, 49, 1, 
Photo: 104 Size: 8
29, 1, 1, 302, 302, 29, 1, 1, 
Photo: 105 Size: 8
310, 49, 1, 1, 1, 310, 49, 1, 
Photo: 106 Size: 8
2, 1, 302, 25, 50, 2, 1, 302, 
Photo: 107 Size: 8
302, 29, 1, 1, 1, 302, 29, 1, 
Photo: 108 Size: 8
1, 302, 29, 1, 2, 1, 302, 29, 
Photo: 109 Size: 8
302, 29, 1, 1, 1, 302, 29, 1, 
Photo: 110 Size: 8
304, 30, 1, 1, 1, 304, 30, 1, 
Photo: 111 Size: 8
1, 302, 25, 1, 1, 1, 302, 25, 
Photo: 112 Size: 8
48, 1, 1, 302, 310, 48, 1, 1, 
Photo: 113 Size: 8
1, 302, 25, 1, 2, 1, 302, 25, 
Photo: 114 Size: 8
49, 1, 1, 302, 310, 49, 1, 1, 
Photo: 115 Size: 8
1, 302, 25, 1, 1, 1, 302, 25, 
Photo: 116 Size: 8
310, 49, 1, 1, 1, 310, 49, 1, 
Photo: 117 Size: 8
1, 302, 29, 1, 2, 1, 302, 29, 
Photo: 118 Size: 8
2, 305, 30, 1, 1, 2, 305, 30, 
Photo: 119 Size: 8
302, 28, 1, 2, 1, 302, 28, 1, 
Photo: 120 Size: 8
302, 29, 1, 1, 1, 302, 29, 1, 
Photo: 121 Size: 8
29, 1, 1, 302, 302, 29, 1, 1, 
Photo: 122 Size: 8
29, 1, 1, 302, 302, 29, 1, 1, 
Photo: 123 Size: 8
1, 1, 302, 29, 48, 1, 1, 302, 
Photo: 124 Size: 8
1, 2, 302, 29, 48, 1, 2, 302, 
Photo: 125 Size: 8
1, 302, 25, 1, 1, 1, 302, 25, 
Photo: 126 Size: 8
29, 1, 1, 302, 302, 29, 1, 1, 
Photo: 127 Size: 8
1, 302, 28, 1, 2, 1, 302, 28, 
Photo: 128 Size: 8
50, 1, 1, 302, 306, 50, 1, 1, 
Photo: 129 Size: 8
302, 29, 1, 1, 1, 302, 29, 1, 
Photo: 130 Size: 8
310, 49, 1, 1, 1, 310, 49, 1, 
Photo: 131 Size: 8
1, 302, 29, 1, 1, 1, 302, 29, 
Photo: 132 Size: 8
1, 302, 29, 1, 1, 1, 302, 29, 
Photo: 133 Size: 8
48, 1, 2, 302, 310, 48, 1, 2, 
Photo: 134 Size: 8
1, 302, 25, 1, 2, 1, 302, 25, 
Photo: 135 Size: 8
1, 302, 25, 1, 2, 1, 302, 25, 
Photo: 136 Size: 8
28, 1, 2, 302, 302, 28, 1, 2, 
Photo: 137 Size: 8
1, 302, 25, 1, 2, 1, 302, 25, 
Photo: 138 Size: 8
1, 1, 302, 25, 50, 1, 1, 302, 
Photo: 139 Size: 8
1, 302, 25, 1, 1, 1, 302, 25, 
Photo: 140 Size: 8
1, 302, 25, 1, 1, 1, 302, 25, 
Photo: 141 Size: 8
302, 29, 1, 1, 1, 302, 29, 1, 
Photo: 142 Size: 8
49, 1, 1, 302, 310, 49, 1, 1, 
Photo: 143 Size: 8
1, 302, 25, 1, 1, 1, 302, 25, 
Photo: 144 Size: 8
1, 302, 29, 1, 1, 1, 302, 29, 
Photo: 145 Size: 8
49, 1, 1, 304, 310, 49, 1, 1, 
Photo: 146 Size: 8
29, 1, 1, 302, 302, 29, 1, 1, 
Photo: 147 Size: 8
1, 302, 25, 1, 2, 1, 302, 25, 
Photo: 148 Size: 8
1, 305, 30, 1, 2, 1, 305, 30, 
Photo: 149 Size: 8
1, 302, 25, 1, 1, 1, 302, 25, 
Photo: 150 Size: 8
1, 1, 302, 29, 49, 1, 1, 302, 
Photo: 151 Size: 8
1, 302, 25, 1, 1, 1, 302, 25, 
Photo: 152 Size: 8
305, 28, 1, 1, 1, 305, 28, 1, 
Photo: 153 Size: 8
49, 1, 1, 302, 310, 49, 1, 1, 
Photo: 154 Size: 8
1, 302, 25, 1, 1, 1, 302, 25, 
Photo: 155 Size: 8
49, 1, 1, 302, 310, 49, 1, 1, 
Photo: 156 Size: 8
310, 48, 1, 2, 1, 310, 48, 1, 
Photo: 157 Size: 8
310, 49, 1, 1, 1, 310, 49, 1, 
Photo: 158 Size: 8
1, 302, 29, 1, 2, 1, 302, 29, 
Photo: 159 Size: 8
302, 29, 1, 1, 1, 302, 29, 1, 
Photo: 160 Size: 8
302, 29, 1, 1, 1, 302, 29, 1, 
Photo: 161 Size: 8
1, 302, 25, 1, 1, 1, 302, 25, 
Photo: 162 Size: 8
1, 1, 302, 25, 29, 1, 1, 302, 
Photo: 163 Size: 8
310, 48, 1, 1, 1, 310, 48, 1, 
Photo: 164 Size: 8
1, 302, 25, 1, 2, 1, 302, 25, 
Photo: 165 Size: 8
1, 302, 25, 1, 2, 1, 302, 25, 
Photo: 166 Size: 8
310, 48, 1, 1, 1, 310, 48, 1, 
Photo: 167 Size: 8
302, 29, 1, 1, 1, 302, 29, 1, 
Photo: 168 Size: 8
305, 28, 1, 1, 1, 305, 28, 1, 
Photo: 169 Size: 8
1, 1, 302, 25, 50, 1, 1, 302, 
Photo: 170 Size: 8
302, 29, 1, 1, 1, 302, 29, 1, 
Photo: 171 Size: 8
1, 302, 25, 1, 1, 1, 302, 25, 
Photo: 172 Size: 8
310, 49, 1, 1, 1, 310, 49, 1, 
Photo: 173 Size: 8
2, 1, 302, 25, 50, 2, 1, 302, 
Photo: 174 Size: 8
1, 302, 29, 1, 2, 1, 302, 29, 
Photo: 175 Size: 8
302, 29, 1, 1, 1, 302, 29, 1, 
Photo: 176 Size: 8
302, 29, 1, 1, 1, 302, 29, 1, 
Photo: 177 Size: 8
1, 304, 30, 2, 1, 1, 304, 30, 
Photo: 178 Size: 8
305, 30, 1, 1, 1, 305, 30, 1, 
Photo: 179 Size: 8
1, 302, 25, 1, 1, 1, 302, 25, 
Photo: 180 Size: 8
302, 28, 1, 2, 1, 302, 28, 1, 
Photo: 181 Size: 8
302, 29, 1, 1, 1, 302, 29, 1, 
Photo: 182 Size: 8
310, 49, 1, 1, 1, 310, 49, 1, 
Photo: 183 Size: 8
1, 1, 302, 28, 28, 1, 1, 302, 
Photo: 184 Size: 8
310, 48, 1, 2, 1, 310, 48, 1, 
Photo: 185 Size: 8
302, 29, 1, 1, 1, 302, 29, 1, 
Photo: 186 Size: 8
2, 1, 310, 48, 50, 2, 1, 310, 
Photo: 187 Size: 8
310, 48, 1, 2, 1, 310, 48, 1, 
Photo: 188 Size: 8
1, 302, 25, 1, 2, 1, 302, 25, 
Photo: 189 Size: 8
48, 1, 2, 302, 310, 48, 1, 2, 
Photo: 190 Size: 8
310, 49, 1, 1, 1, 310, 49, 1, 
Photo: 191 Size: 8
1, 302, 25, 1, 2, 1, 302, 25, 
Photo: 192 Size: 8
310, 49, 1, 1, 1, 310, 49, 1, 
Photo: 193 Size: 8
310, 49, 1, 1, 1, 310, 49, 1, 
Photo: 194 Size: 8
48, 1, 2, 305, 310, 48, 1, 2, 
Photo: 195 Size: 8
1, 302, 24, 1, 1, 1, 302, 24, 
Photo: 196 Size: 8
1, 302, 25, 1, 2, 1, 302, 25, 
Photo: 197 Size: 8
1, 304, 30, 1, 1, 1, 304, 30, 
Photo: 198 Size: 8
1, 302, 25, 1, 2, 1, 302, 25, 
Photo: 199 Size: 8
1, 304, 30, 1, 1, 1, 304, 30, 
Photo: 200 Size: 8
48, 1, 2, 302, 310, 48, 1, 2, 
Photo: 201 Size: 8
1, 302, 25, 1, 2, 1, 302, 25, 
Photo: 202 Size: 8
1, 302, 24, 1, 3, 1, 302, 24, 
Photo: 203 Size: 8
30, 1, 1, 302, 305, 30, 1, 1, 
Photo: 204 Size: 8
310, 48, 1, 1, 1, 310, 48, 1, 
Photo: 205 Size: 8
1, 310, 49, 1, 1, 1, 310, 49, 
Photo: 206 Size: 8
49, 1, 1, 304, 310, 49, 1, 1, 
Photo: 207 Size: 8
310, 48, 1, 1, 1, 310, 48, 1, 
Photo: 208 Size: 8
48, 1, 2, 302, 310, 48, 1, 2, 
Photo: 209 Size: 8
310, 49, 1, 1, 1, 310, 49, 1, 
Photo: 210 Size: 8
302, 29, 1, 1, 1, 302, 29, 1, 
Photo: 211 Size: 8
310, 48, 1, 2, 1, 310, 48, 1, 
Photo: 212 Size: 8
310, 49, 1, 1, 1, 310, 49, 1, 
Photo: 213 Size: 8
1, 1, 314, 14, 29, 1, 1, 314, 
Photo: 214 Size: 8
1, 2, 304, 30, 48, 1, 2, 304, 
Photo: 215 Size: 8
302, 25, 1, 1, 1, 302, 25, 1, 
Photo: 216 Size: 8
1, 302, 25, 1, 2, 1, 302, 25, 
Photo: 217 Size: 8
304, 30, 1, 1, 1, 304, 30, 1, 
Photo: 218 Size: 8
1, 1, 302, 25, 50, 1, 1, 302, 
Photo: 219 Size: 8
1, 1, 302, 29, 30, 1, 1, 302, 
Photo: 220 Size: 8
310, 49, 1, 1, 1, 310, 49, 1, 
Photo: 221 Size: 8
30, 1, 1, 305, 305, 30, 1, 1, 
Photo: 222 Size: 8
302, 29, 1, 1, 1, 302, 29, 1, 
Photo: 223 Size: 8
310, 48, 1, 2, 1, 310, 48, 1, 
Photo: 224 Size: 8
1, 305, 30, 1, 2, 1, 305, 30, 
Photo: 225 Size: 8
25, 1, 3, 307, 302, 25, 1, 3, 
Photo: 226 Size: 8
1, 2, 302, 29, 48, 1, 2, 302, 
Photo: 227 Size: 8
305, 30, 1, 1, 1, 305, 30, 1, 
Photo: 228 Size: 8
1, 302, 25, 1, 1, 1, 302, 25, 
Photo: 229 Size: 8
49, 1, 1, 302, 310, 49, 1, 1, 
Photo: 230 Size: 8
49, 1, 1, 304, 310, 49, 1, 1, 
Photo: 231 Size: 8
302, 29, 1, 1, 1, 302, 29, 1, 
Photo: 232 Size: 8
1, 1, 305, 30, 49, 1, 1, 305, 
Photo: 233 Size: 8
1, 302, 29, 1, 1, 1, 302, 29, 
Photo: 234 Size: 8
1, 1, 302, 25, 50, 1, 1, 302, 
Photo: 235 Size: 8
1, 302, 29, 1, 1, 1, 302, 29, 
Photo: 236 Size: 8
1, 302, 29, 1, 2, 1, 302, 29, 
Photo: 237 Size: 8
49, 1, 1, 302, 310, 49, 1, 1, 
Photo: 238 Size: 8
1, 302, 25, 1, 2, 1, 302, 25, 
Photo: 239 Size: 8
1, 302, 25, 1, 2, 1, 302, 25, 
Photo: 240 Size: 8
1, 302, 25, 1, 1, 1, 302, 25, 
Photo: 241 Size: 8
302, 25, 1, 5, 1, 302, 25, 1, 
Photo: 242 Size: 8
28, 1, 2, 302, 302, 28, 1, 2, 
Photo: 243 Size: 8
49, 1, 1, 305, 310, 49, 1, 1, 
Photo: 244 Size: 8
1, 1, 305, 28, 49, 1, 1, 305, 
Photo: 245 Size: 8
48, 1, 1, 305, 310, 48, 1, 1, 
Photo: 246 Size: 8
29, 1, 1, 302, 302, 29, 1, 1, 
Photo: 247 Size: 8
302, 26, 1, 4, 1, 302, 26, 1, 
Photo: 248 Size: 8
1, 310, 49, 1, 1, 1, 310, 49, 
Photo: 249 Size: 8
1, 302, 26, 1, 1, 1, 302, 26, 
Photo: 250 Size: 8
305, 28, 1, 1, 1, 305, 28, 1, 
Photo: 251 Size: 8
1, 1, 310, 49, 50, 1, 1, 310, 
Photo: 252 Size: 8
1, 1, 302, 26, 50, 1, 1, 302, 
Photo: 253 Size: 8
3, 1, 302, 25, 50, 3, 1, 302, 
Photo: 254 Size: 8
50, 2, 1, 302, 307, 50, 2, 1, 
Photo: 255 Size: 8
49, 1, 1, 305, 310, 49, 1, 1, 
Photo: 256 Size: 8
1, 310, 49, 1, 2, 1, 310, 49, 
Photo: 257 Size: 8
50, 3, 1, 302, 306, 50, 3, 1, 
Photo: 258 Size: 8
49, 1, 1, 305, 310, 49, 1, 1, 
Photo: 259 Size: 8
1, 305, 28, 1, 1, 1, 305, 28, 
Photo: 260 Size: 8
302, 25, 1, 5, 1, 302, 25, 1, 
Photo: 261 Size: 8
1, 1, 302, 26, 50, 1, 1, 302, 
Photo: 262 Size: 8
310, 49, 1, 1, 1, 310, 49, 1, 
Photo: 263 Size: 8
49, 1, 1, 305, 310, 49, 1, 1, 
Photo: 264 Size: 8
1, 305, 28, 1, 2, 1, 305, 28, 
Photo: 265 Size: 8
48, 1, 1, 304, 310, 48, 1, 1, 
Photo: 266 Size: 8
2, 1, 302, 25, 50, 2, 1, 302, 
Photo: 267 Size: 8
305, 30, 1, 1, 1, 305, 30, 1, 
Photo: 268 Size: 8
1, 1, 305, 30, 50, 1, 1, 305, 
Photo: 269 Size: 8
1, 305, 30, 1, 1, 1, 305, 30, 
Photo: 270 Size: 8
310, 49, 1, 1, 1, 310, 49, 1, 
Photo: 271 Size: 8
1, 305, 30, 1, 2, 1, 305, 30, 
Photo: 272 Size: 8
1, 305, 30, 1, 2, 1, 305, 30, 
Photo: 273 Size: 8
311, 48, 1, 2, 1, 311, 48, 1, 
Photo: 274 Size: 8
50, 2, 1, 311, 308, 50, 2, 1, 
Photo: 275 Size: 8
50, 2, 1, 312, 308, 50, 2, 1, 
Photo: 276 Size: 8
1, 313, 48, 1, 2, 1, 313, 48, 
Photo: 277 Size: 8
1, 312, 50, 1, 1, 1, 312, 50, 
Photo: 278 Size: 8
50, 2, 1, 310, 315, 50, 2, 1, 
Photo: 279 Size: 8
29, 1, 1, 312, 312, 29, 1, 1, 
Photo: 280 Size: 0

Photo: 281 Size: 8
1, 1, 317, 24, 29, 1, 1, 317, 
Photo: 282 Size: 0

Photo: 283 Size: 0

Photo: 284 Size: 0

Photo: 285 Size: 0

Photo: 286 Size: 0

Photo: 287 Size: 0

Photo: 288 Size: 0

Photo: 289 Size: 0

Photo: 290 Size: 0

Photo: 291 Size: 0

Photo: 292 Size: 0

Photo: 293 Size: 0

Photo: 294 Size: 0

Photo: 295 Size: 0

Photo: 296 Size: 0

Photo: 297 Size: 0

Photo: 298 Size: 0

Photo: 299 Size: 0

Photo: 300 Size: 0

Photo: 301 Size: 0

Photo: 302 Size: 8
25, 1, 4, 318, 318, 25, 1, 4, 
Photo: 303 Size: 0

Photo: 304 Size: 8
28, 1, 2, 318, 317, 28, 1, 2, 
Photo: 305 Size: 0

Photo: 306 Size: 0

Photo: 307 Size: 8
1, 1, 315, 28, 30, 1, 1, 315, 
Photo: 308 Size: 8
30, 1, 1, 315, 317, 30, 1, 1, 
Photo: 309 Size: 8
30, 1, 1, 314, 315, 30, 1, 1, 
Photo: 310 Size: 8
1, 3, 314, 23, 27, 1, 3, 314, 
Photo: 311 Size: 8
51, 2, 1, 313, 317, 51, 2, 1, 
Photo: 312 Size: 8
51, 3, 1, 312, 316, 51, 3, 1, 
Photo: 313 Size: 8
1, 316, 51, 1, 1, 1, 316, 51, 
Photo: 314 Size: 8
1, 1, 310, 30, 51, 1, 1, 310, 
Photo: 315 Size: 8
49, 1, 1, 312, 318, 49, 1, 1, 
Photo: 316 Size: 8
3, 1, 317, 48, 51, 3, 1, 317, 
Photo: 317 Size: 8
317, 50, 2, 2, 1, 317, 50, 2, 
Photo: 318 Size: 8
2, 308, 30, 1, 3, 2, 308, 30, 
Photo: 319 Size: 8
310, 51, 2, 1, 1, 310, 51, 2, 
Photo: 320 Size: 8
1, 2, 304, 31, 49, 1, 2, 304, 
Photo: 321 Size: 8
1, 309, 52, 3, 1, 1, 309, 52, 
Photo: 322 Size: 8
309, 52, 2, 2, 1, 309, 52, 2, 
Photo: 323 Size: 8
54, 2, 1, 306, 306, 54, 2, 1, 
Photo: 324 Size: 8
1, 1, 308, 52, 54, 1, 1, 308, 
Photo: 325 Size: 8
1, 302, 33, 1, 1, 1, 302, 33, 
Photo: 326 Size: 8
52, 1, 1, 304, 312, 52, 1, 1, 
Photo: 327 Size: 8
314, 51, 2, 1, 1, 314, 51, 2, 
Photo: 328 Size: 8
51, 2, 1, 311, 316, 51, 2, 1, 
Photo: 329 Size: 0

Photo: 330 Size: 8
30, 1, 1, 316, 318, 30, 1, 1, 
Photo: 331 Size: 0

Photo: 332 Size: 0

Photo: 333 Size: 0

Photo: 334 Size: 0

Photo: 335 Size: 0

Photo: 336 Size: 0

Photo: 337 Size: 0

Photo: 338 Size: 0

Photo: 339 Size: 0

Photo: 340 Size: 0

Photo: 341 Size: 0

Photo: 342 Size: 0

Photo: 343 Size: 0

Photo: 344 Size: 0

Photo: 345 Size: 0

Photo: 346 Size: 0

Photo: 347 Size: 0

Photo: 348 Size: 0

Photo: 349 Size: 0

Photo: 350 Size: 0

Photo: 351 Size: 0

Photo: 352 Size: 0

Photo: 353 Size: 0

Photo: 354 Size: 0

Photo: 355 Size: 0

Photo: 356 Size: 0

Photo: 357 Size: 0

Photo: 358 Size: 0

Photo: 359 Size: 0

Photo: 360 Size: 0

Photo: 361 Size: 0

Photo: 362 Size: 0

Photo: 363 Size: 0

Photo: 364 Size: 0

Photo: 365 Size: 0

Photo: 366 Size: 0

Photo: 367 Size: 0

Photo: 368 Size: 0

Photo: 369 Size: 0

Photo: 370 Size: 0

Photo: 371 Size: 0

Photo: 372 Size: 0

Photo: 373 Size: 0

Photo: 374 Size: 0

Photo: 375 Size: 0

Photo: 376 Size: 0

Photo: 377 Size: 0

Photo: 378 Size: 0

Photo: 379 Size: 0

Photo: 380 Size: 0

Photo: 381 Size: 0

Photo: 382 Size: 0

Photo: 383 Size: 8
49, 2, 1, 317, 315, 49, 2, 1, 
Photo: 384 Size: 8
47, 4, 2, 299, 301, 47, 4, 2, 
Photo: 385 Size: 8
2, 294, 45, 1, 2, 2, 294, 45, 
Photo: 386 Size: 8
1, 282, 48, 2, 1, 1, 282, 48, 
Photo: 387 Size: 8
1, 281, 48, 2, 1, 1, 281, 48, 
Photo: 388 Size: 8
2, 1, 285, 47, 49, 2, 1, 285, 
Photo: 389 Size: 8
1, 1, 294, 51, 52, 1, 1, 294, 
Photo: 390 Size: 8
1, 1, 287, 25, 52, 1, 1, 287, 
Photo: 391 Size: 8
1, 1, 295, 51, 52, 1, 1, 295, 
Photo: 392 Size: 8
1, 290, 30, 1, 1, 1, 290, 30, 
Photo: 393 Size: 8
1, 293, 29, 1, 1, 1, 293, 29, 
Photo: 394 Size: 8
299, 50, 2, 2, 1, 299, 50, 2, 
Photo: 395 Size: 8
51, 1, 1, 299, 297, 51, 1, 1, 
Photo: 396 Size: 8
1, 312, 50, 1, 1, 1, 312, 50, 
Photo: 397 Size: 8
1, 1, 297, 51, 52, 1, 1, 297, 
Photo: 398 Size: 8
1, 299, 50, 1, 1, 1, 299, 50, 
Photo: 399 Size: 8
1, 297, 51, 1, 1, 1, 297, 51, 
Photo: 400 Size: 8
1, 294, 30, 1, 1, 1, 294, 30, 
Photo: 401 Size: 8
2, 2, 294, 29, 51, 2, 2, 294, 
Photo: 402 Size: 8
309, 50, 1, 1, 1, 309, 50, 1, 
Photo: 403 Size: 8
288, 24, 1, 1, 3, 288, 24, 1, 
Photo: 404 Size: 8
276, 27, 1, 1, 1, 276, 27, 1, 
Photo: 405 Size: 8
1, 1, 278, 52, 52, 1, 1, 278, 
Photo: 406 Size: 8
270, 30, 1, 2, 1, 270, 30, 1, 
Photo: 407 Size: 8
2, 1, 273, 49, 51, 2, 1, 273, 
Photo: 408 Size: 8
263, 25, 1, 1, 2, 263, 25, 1, 
Photo: 409 Size: 8
27, 1, 1, 261, 257, 27, 1, 1, 
Photo: 410 Size: 8
1, 269, 49, 1, 1, 1, 269, 49, 
Photo: 411 Size: 8
284, 51, 1, 1, 1, 284, 51, 1, 
Photo: 412 Size: 8
1, 276, 51, 2, 1, 1, 276, 51, 
Photo: 413 Size: 8
1, 271, 30, 1, 3, 1, 271, 30, 
Photo: 414 Size: 8
30, 1, 1, 272, 269, 30, 1, 1, 
Photo: 415 Size: 8
1, 272, 30, 1, 1, 1, 272, 30, 
Photo: 416 Size: 8
1, 273, 27, 1, 1, 1, 273, 27, 
Photo: 417 Size: 8
1, 273, 28, 1, 1, 1, 273, 28, 
Photo: 418 Size: 8
2, 1, 271, 30, 50, 2, 1, 271, 
Photo: 419 Size: 8
1, 1, 271, 30, 50, 1, 1, 271, 
Photo: 420 Size: 8
1, 1, 273, 29, 30, 1, 1, 273, 
Photo: 421 Size: 8
1, 1, 271, 30, 49, 1, 1, 271, 
Photo: 422 Size: 0

Photo: 423 Size: 8
1, 1, 271, 29, 48, 1, 1, 271, 
Photo: 424 Size: 8
271, 28, 1, 2, 1, 271, 28, 1, 
Photo: 425 Size: 8
5, 275, 23, 1, 2, 5, 275, 23, 
Photo: 426 Size: 8
1, 1, 276, 15, 30, 1, 1, 276, 
Photo: 427 Size: 8
1, 274, 27, 1, 1, 1, 274, 27, 
Photo: 428 Size: 8
1, 275, 24, 1, 1, 1, 275, 24, 
Photo: 429 Size: 8
30, 1, 1, 276, 272, 30, 1, 1, 
Photo: 430 Size: 8
273, 30, 1, 1, 1, 273, 30, 1, 
Photo: 431 Size: 8
51, 1, 1, 276, 292, 51, 1, 1, 
Photo: 432 Size: 8
280, 50, 1, 1, 1, 280, 50, 1, 
Photo: 433 Size: 8
1, 1, 275, 30, 51, 1, 1, 275, 
Photo: 434 Size: 8
51, 1, 1, 273, 293, 51, 1, 1, 
Photo: 435 Size: 8
279, 50, 2, 1, 1, 279, 50, 2, 
Photo: 436 Size: 8
2, 1, 273, 29, 50, 2, 1, 273, 
Photo: 437 Size: 8
1, 282, 50, 1, 1, 1, 282, 50, 
Photo: 438 Size: 8
50, 1, 1, 279, 282, 50, 1, 1, 
Photo: 439 Size: 8
50, 1, 1, 280, 282, 50, 1, 1, 
Photo: 440 Size: 8
50, 1, 1, 280, 282, 50, 1, 1, 
Photo: 441 Size: 8
1, 1, 280, 50, 50, 1, 1, 280, 
Photo: 442 Size: 8
282, 50, 1, 1, 1, 282, 50, 1, 
Photo: 443 Size: 8
1, 1, 280, 50, 50, 1, 1, 280, 
Photo: 444 Size: 8
1, 1, 280, 50, 50, 1, 1, 280, 
Photo: 445 Size: 8
51, 1, 1, 282, 293, 51, 1, 1, 
Photo: 446 Size: 8
279, 50, 2, 1, 1, 279, 50, 2, 
Photo: 447 Size: 8
274, 30, 2, 1, 1, 274, 30, 2, 
Photo: 448 Size: 8
1, 1, 282, 50, 51, 1, 1, 282, 
Photo: 449 Size: 8
1, 1, 280, 50, 50, 1, 1, 280, 
Photo: 450 Size: 8
282, 50, 1, 1, 1, 282, 50, 1, 
Photo: 451 Size: 8
50, 1, 1, 280, 282, 50, 1, 1, 
Photo: 452 Size: 8
50, 1, 1, 275, 282, 50, 1, 1, 
Photo: 453 Size: 8
1, 280, 50, 1, 1, 1, 280, 50, 
Photo: 454 Size: 8
1, 279, 50, 2, 1, 1, 279, 50, 
Photo: 455 Size: 8
282, 50, 1, 1, 1, 282, 50, 1, 
Photo: 456 Size: 8
1, 1, 279, 50, 50, 1, 1, 279, 
Photo: 457 Size: 8
1, 1, 275, 30, 50, 1, 1, 275, 
Photo: 458 Size: 8
1, 1, 280, 50, 50, 1, 1, 280, 
Photo: 459 Size: 8
293, 51, 1, 1, 1, 293, 51, 1, 
Photo: 460 Size: 8
1, 282, 50, 1, 1, 1, 282, 50, 
Photo: 461 Size: 8
280, 50, 1, 1, 1, 280, 50, 1, 
Photo: 462 Size: 8
293, 51, 1, 1, 1, 293, 51, 1, 
Photo: 463 Size: 8
50, 1, 1, 279, 282, 50, 1, 1, 
Photo: 464 Size: 8
1, 1, 282, 50, 51, 1, 1, 282, 
Photo: 465 Size: 8
1, 282, 50, 1, 1, 1, 282, 50, 
Photo: 466 Size: 8
50, 1, 1, 279, 282, 50, 1, 1, 
Photo: 467 Size: 8
50, 1, 1, 279, 282, 50, 1, 1, 
Photo: 468 Size: 8
282, 50, 1, 1, 1, 282, 50, 1, 
Photo: 469 Size: 8
50, 1, 1, 280, 282, 50, 1, 1, 
Photo: 470 Size: 8
282, 50, 1, 1, 1, 282, 50, 1, 
Photo: 471 Size: 8
282, 50, 1, 1, 1, 282, 50, 1, 
Photo: 472 Size: 8
282, 50, 1, 1, 1, 282, 50, 1, 
Photo: 473 Size: 8
1, 1, 280, 50, 50, 1, 1, 280, 
Photo: 474 Size: 8
50, 1, 1, 275, 282, 50, 1, 1, 
Photo: 475 Size: 8
1, 1, 282, 50, 51, 1, 1, 282, 
Photo: 476 Size: 8
1, 1, 280, 50, 50, 1, 1, 280, 
Photo: 477 Size: 8
50, 1, 1, 280, 282, 50, 1, 1, 
Photo: 478 Size: 8
50, 1, 1, 279, 282, 50, 1, 1, 
Photo: 479 Size: 8
1, 1, 282, 50, 51, 1, 1, 282, 
Photo: 480 Size: 8
282, 50, 1, 1, 1, 282, 50, 1, 
Photo: 481 Size: 8
50, 1, 1, 279, 282, 50, 1, 1, 
Photo: 482 Size: 8
50, 1, 1, 280, 282, 50, 1, 1, 
Photo: 483 Size: 8
50, 1, 1, 280, 282, 50, 1, 1, 
Photo: 484 Size: 8
50, 1, 1, 280, 282, 50, 1, 1, 
Photo: 485 Size: 8
1, 282, 50, 1, 1, 1, 282, 50, 
Photo: 486 Size: 8
1, 1, 280, 50, 50, 1, 1, 280, 
Photo: 487 Size: 8
1, 1, 280, 50, 50, 1, 1, 280, 
Photo: 488 Size: 8
1, 1, 282, 50, 51, 1, 1, 282, 
Photo: 489 Size: 8
51, 1, 1, 282, 293, 51, 1, 1, 
Photo: 490 Size: 8
293, 51, 1, 1, 1, 293, 51, 1, 
Photo: 491 Size: 8
51, 1, 1, 282, 293, 51, 1, 1, 
Photo: 492 Size: 8
282, 50, 1, 1, 1, 282, 50, 1, 
Photo: 493 Size: 8
50, 1, 1, 280, 282, 50, 1, 1, 
Photo: 494 Size: 8
51, 1, 1, 282, 293, 51, 1, 1, 
Photo: 495 Size: 8
50, 1, 1, 279, 282, 50, 1, 1, 
Photo: 496 Size: 8
1, 1, 282, 50, 51, 1, 1, 282, 
Photo: 497 Size: 8
50, 1, 1, 280, 282, 50, 1, 1, 
Photo: 498 Size: 8
51, 1, 1, 282, 293, 51, 1, 1, 
Photo: 499 Size: 8
282, 50, 1, 1, 1, 282, 50, 1, 
